18/04/13 16:29:59 INFO org.spark_project.jetty.util.log: Logging initialized @3935ms
18/04/13 16:29:59 INFO org.spark_project.jetty.server.Server: jetty-9.3.z-SNAPSHOT
18/04/13 16:29:59 INFO org.spark_project.jetty.server.Server: Started @4228ms
18/04/13 16:29:59 INFO org.spark_project.jetty.server.AbstractConnector: Started ServerConnector@4e44283c{HTTP/1.1,[http/1.1]}{0.0.0.0:4040}
18/04/13 16:30:01 INFO com.google.cloud.hadoop.fs.gcs.GoogleHadoopFileSystemBase: GHFS version: 1.6.4-hadoop2
18/04/13 16:30:03 INFO org.apache.hadoop.yarn.client.RMProxy: Connecting to ResourceManager at bdm-homework-setup-m/10.128.0.5:8032
18/04/13 16:30:07 WARN org.apache.hadoop.hdfs.DataStreamer: Caught exception
java.lang.InterruptedException
	at java.lang.Object.wait(Native Method)
	at java.lang.Thread.join(Thread.java:1252)
	at java.lang.Thread.join(Thread.java:1326)
	at org.apache.hadoop.hdfs.DataStreamer.closeResponder(DataStreamer.java:973)
	at org.apache.hadoop.hdfs.DataStreamer.endBlock(DataStreamer.java:624)
	at org.apache.hadoop.hdfs.DataStreamer.run(DataStreamer.java:801)
18/04/13 16:30:07 INFO org.apache.hadoop.yarn.client.api.impl.YarnClientImpl: Submitted application application_1523633827966_0008
18/04/13 16:30:16 INFO org.apache.hadoop.mapred.FileInputFormat: Total input files to process : 1
[Stage 1:>                                                          (0 + 2) / 2][Stage 1:=============================>                             (1 + 1) / 2][Stage 2:>                                                          (0 + 2) / 2][Stage 3:>                                                          (0 + 0) / 2][Stage 3:>                                                          (0 + 2) / 2][Stage 3:=============================>                             (1 + 1) / 2]                                                                                [Stage 4:>                                                          (0 + 2) / 2][Stage 4:=============================>                             (1 + 1) / 2][Stage 4:===========================================================(2 + 0) / 2][Stage 5:>                                                          (0 + 2) / 2][Stage 5:=============================>                             (1 + 1) / 2][Stage 6:>                                                          (0 + 2) / 2][Stage 6:>                                                          (0 + 2) / 2][Stage 6:>                                                          (0 + 2) / 2][Stage 6:=============================>                             (1 + 1) / 2]                                                                                [Stage 8:>                                                          (0 + 2) / 2][Stage 10:=============================>                            (1 + 1) / 2]                                                                                [Stage 12:>                                                         (0 + 2) / 2]                                                                                [Stage 15:>                                                         (0 + 2) / 2][Stage 15:=============================>                            (1 + 1) / 2][Stage 16:>                                                         (0 + 2) / 2][Stage 16:=============================>                            (1 + 1) / 2]                                                                                

Co-Occurance Matrix for Top 100 Words in economy (Headline & Title):

18/04/13 16:34:01 WARN org.apache.spark.util.Utils: Truncated the string representation of a plan since it was too large. This behavior can be adjusted by setting 'spark.debug.maxToStringFields' in SparkEnv.conf.
+--------+-----+-------+-----+-----+-----+-----+-----+-----+-----+----+--------+----+----+----+------+----+----+----+----+------+----+----+----+----+----+----+----+----+----+----+----+----+----+----+----+----+----+-------+-----+----+-------+----+----+----+-----+-------+-----+----+--------+----+----+----+----+-----+-----+----+----------+----+------+-----+----+-----+-----+----+----+----+--------+----+---------+----+------+-----+----+----+----+-----+----+---+--------+----+----+----+----+------+----+----+---------+------+-----+----+---+----+-------+----+---------+---+-------+----+---+---+
|     _c0|  the|economy|   to|   in|   of|    a|  and|   is|   on| for|economic|  as|that|  by|growth|quot| has|  at|with|global|will|   s|year|from| are|said| its|  it|  be| new| but|  an|this|  us|more|   u|have|quarter|about|than|percent|2016|says| not|china|china's|world| was|minister|bank|  up| oil|2015|first|could|over|government|rate|market|after|last|would|years| how|jobs|data|business|  we|president| may|report|state|grew|been|   1|which| one|  7|expected|   0|  he|   5|   2|prices|into|what|according|brexit|boost|  uk|  3|  if|growing| can|financial|his|chinese|grow|our|  6|
+--------+-----+-------+-----+-----+-----+-----+-----+-----+-----+----+--------+----+----+----+------+----+----+----+----+------+----+----+----+----+----+----+----+----+----+----+----+----+----+----+----+----+----+-------+-----+----+-------+----+----+----+-----+-------+-----+----+--------+----+----+----+----+-----+-----+----+----------+----+------+-----+----+-----+-----+----+----+----+--------+----+---------+----+------+-----+----+----+----+-----+----+---+--------+----+----+----+----+------+----+----+---------+------+-----+----+---+----+-------+----+---------+---+-------+----+---+---+
|     the|29777|  25416|17237|16416|16931|14262|13564| 9778| 9106|8489|    8488|6203|6710|4704|  4476|2814|4727|4470|4066|  3487|3817|3481|3553|3720|3616|3749|3340|3360|3315|2767|3022|2929|2881|2630|2608|2559|2642|   2112| 2525|2436|   1891|1911|2035|2202| 1704|   1383| 1895|2086|    1491|1680|1824|1427|1553| 1778| 1637|1784|      1754|1531|  1488| 1517|1603| 1406| 1472|1469|1148|1325|    1270|1211|     1148|1292|  1193| 1266|1289|1383|1061| 1405|1297|929|    1171| 995|1088|1100|1000|  1083|1236|1206|     1233|  1005| 1056|1032|951|1052|   1055|1091|     1117|975|    890| 888|873|815|
| economy|25416|  28622|16599|15867|15455|14074|13130| 9416| 8712|7972|    6253|6139|6351|4708|  4253|2802|4467|4313|3991|  3316|3700|3465|3547|3628|3391|3759|3402|3261|3182|2648|2958|2870|2813|2463|2627|2469|2504|   2079| 2335|2438|   1972|1941|2124|2096| 1728|   1465| 1752|2010|    1612|1578|1752|1367|1594| 1685| 1556|1662|      1599|1526|  1400| 1502|1549| 1320| 1428|1330|1139|1275|    1220|1178|     1071|1264|  1159| 1204|1360|1295|1075| 1307|1204|947|    1202|1015|1105|1124|1013|  1067|1199|1107|     1251|   893|  988| 985|987|1046|   1062|1041|     1030|956|    856| 975|898|844|
|      to|17237|  16599|19602|10508|10373| 9870| 8974| 6452| 5974|5326|    5528|4121|4228|3140|  3127|1888|3159|2645|2724|  2169|2802|2182|2451|2702|2411|2650|2481|2406|2651|1947|1926|2108|2030|1466|1822|1462|1823|   1178| 1425|1483|   1281|1343|1361|1401| 1233|    904| 1224|1284|    1186|1203|1362| 973| 982| 1042| 1081|1139|      1296|1017|   930|  988| 939|  975|  944| 943| 699| 858|     869| 848|      806| 855|   802|  786| 646| 842| 700|  982| 793|679|    1046| 623| 749| 815| 689|   772| 811| 782|     1333|   688| 1003| 739|672| 764|    661| 689|      737|729|    525| 892|617|590|
|      in|16416|  15867|10508|18417|10055| 9618| 8276| 5719| 5360|4917|    5216|4045|3899|3219|  3443|1688|2809|2998|2557|  2126|2303|2328|2682|2383|2088|2484|2318|1956|1957|1671|1878|2001|1871|1659|1738|1634|1589|   2017| 1367|1838|   1702|1629|1171|1214| 1202|    891| 1247|1440|     921|1000|1192| 971|1467| 1465|  952|1066|      1095|1145|   892| 1023|1170|  737| 1159| 739| 780|1015|     796| 671|      602| 906|   784|  746|1241| 842| 916|  947| 812|821|     997| 933| 553| 908| 835|   802| 671| 652|      861|   500|  624| 606|837| 565|    729| 628|      702|598|    573| 736|474|745|
|      of|16931|  15455|10373|10055|18387| 9330| 8539| 5945| 5559|5051|    5581|3773|3946|2820|  2952|1771|2935|2855|2541|  2065|2212|2052|2283|2323|2242|2370|2153|2086|1998|1703|1863|2004|1829|1538|1536|1455|1624|   1302| 1514|1422|   1259|1187|1140|1305| 1054|    869| 1168|1317|     974|1213|1129| 918|1069| 1176|  936|1063|      1035|1017|   860|  926|1036|  799|  969| 928| 653| 835|     766| 733|      746| 795|   707| 1004| 825| 866| 675|  923|1056|559|     698| 646| 663| 715| 636|   622| 742| 670|      756|   626|  555| 674|565| 565|    629| 628|      698|650|    544| 484|605|514|
|       a|14262|  14074| 9870| 9618| 9330|16399| 7552| 5577| 5186|5075|    4443|3679|3877|2718|  2557|1735|2700|2791|2455|  2012|2036|2027|2283|2267|1906|2149|1893|1934|1947|1852|1813|1638|1593|1410|1500|1443|1571|   1270| 1308|1472|   1149|1071|1129|1193| 1045|    844| 1030|1267|     825| 882|1047| 788| 851|  975| 1035|1015|       963| 977|   879|  974| 929|  926|  854| 804| 649| 757|     737| 691|      547| 745|   797|  623| 743| 797| 615|  814| 754|509|     719| 574| 608| 647| 565|   627| 718| 659|      793|   609|  639| 637|522| 654|    606| 615|      597|523|    503| 480|486|473|
|     and|13564|  13130| 8974| 8276| 8539| 7552|15486| 5016| 4777|4536|    4567|3270|3230|2386|  2470|1521|2343|2224|2254|  1982|2052|1821|1735|1962|2209|1823|1843|1739|1677|1535|1371|1519|1500|1321|1408|1245|1502|    857| 1371|1111|    945| 943| 984|1016| 1019|    793|  987| 984|     773| 811|1010| 926| 775|  781|  840| 912|       893| 708|   864|  669| 761|  699|  755| 806| 759| 659|     788| 665|      568| 612|   592|  661| 563| 727| 473|  628| 589|447|     603| 434| 574| 555| 510|   781| 636| 631|      576|   464|  555| 493|434| 522|    537| 581|      686|482|    476| 514|557|397|
|      is| 9778|   9416| 6452| 5719| 5945| 5577| 5016|10783| 3056|3155|    2948|2047|2924|1558|  1609|1253|1402|1497|1468|  1276|1165|1306|1133|1282|1328|1381|1338|1706|1230|1057|1420|1180|1310| 932| 900| 932| 819|    389|  895| 865|    518| 696| 899|1116|  640|    575|  792| 493|     494| 588| 661| 516| 399|  475|  431| 558|       607| 513|   569|  503| 427|  327|  500| 676| 389| 395|     465| 535|      415| 402|   400|  417| 157| 435| 282|  611| 623|309|     626| 181| 399| 340| 294|   378| 442| 617|      449|   315|  313| 340|291| 431|    558| 390|      392|344|    357| 428|460|239|
|      on| 9106|   8712| 5974| 5360| 5559| 5186| 4777| 3056|10209|2738|    2756|2162|2284|1596|  1486|1210|1445|1491|1496|  1222|1412|1212|1186|1290|1162|1855|1405|1132|1175| 861| 991|1176| 947| 792| 889| 843| 965|    705|  892| 735|    744| 676| 684| 698|  748|    553|  627| 792|     756| 687| 674| 567| 551|  581|  520| 590|       730| 484|   530|  610| 524|  509|  438| 488| 340| 615|     428| 370|      506| 462|   440|  475| 396| 380| 378|  476| 388|308|     446| 329| 534| 374| 352|   429| 349| 368|      328|   404|  335| 337|356| 337|    304| 332|      402|533|    327| 289|274|299|
|     for| 8489|   7972| 5326| 4917| 5051| 5075| 4536| 3155| 2738|9490|    2832|2039|2099|1362|  1612| 973|1557|1278|1312|  1198|1223|1044|1243|1122|1233|1207|1178|1200|1341| 921|1027|1062| 990| 773| 925| 731| 856|    525|  661| 680|    537| 718| 557| 682|  574|    426|  704| 672|     501| 507| 612| 501| 485|  568|  557| 538|       522| 486|   492|  465| 478|  490|  583| 389| 381| 422|     444| 394|      318| 439|   338|  329| 318| 549| 332|  493| 411|213|     321| 262| 343| 359| 311|   382| 355| 486|      349|   333|  361| 409|286| 316|    272| 324|      350|329|    248| 215|312|209|
|economic| 8488|   6253| 5528| 5216| 5581| 4443| 4567| 2948| 2756|2832|    9810|1941|2153|1371|  2347| 894|1593|1338|1294|  1210|1331| 845|1055|1162|1207|1224|1087| 981|1096| 798| 927|1100| 897| 765| 683| 623| 965|    465|  732| 585|    558| 699| 583| 749|  689|    588|  625| 608|     531| 475| 563| 434| 505|  430|  503| 559|       572| 426|   390|  409| 433|  459|  477| 431| 274| 489|     411| 396|      395| 396|   397|  392| 251| 499| 296|  467| 405|276|     325| 254| 329| 364| 300|   313| 335| 324|      359|   324|  324| 284|269| 293|    256| 339|      369|358|    301| 260|290|264|
|      as| 6203|   6139| 4121| 4045| 3773| 3679| 3270| 2047| 2162|2039|    1941|6985|1292|1180|  1292| 674|1052|1010| 978|   906| 755| 965|1062| 885| 840| 863|1066| 884| 749| 639| 630| 806| 661| 568| 656| 618| 595|    712|  534| 646|    570| 427| 392| 469|  592|    419|  430| 529|     345| 416| 507| 505| 436|  465|  339| 484|       455| 416|   401|  441| 494|  280|  374| 234| 279| 396|     330| 252|      259| 312|   217|  281| 420| 329| 260|  281| 280|208|     367| 302| 270| 275| 274|   407| 273| 201|      222|   225|  251| 237|214| 174|    262| 217|      284|235|    249| 185|152|198|
|    that| 6710|   6351| 4228| 3899| 3946| 3877| 3230| 2924| 2284|2099|    2153|1292|7409|1043|  1084| 909|1448|1034| 925|   902|1216| 922| 748| 991|1080|1262| 856|1150|1081| 666| 848| 871| 795| 722| 671| 679| 803|    333|  602| 555|    389| 412| 570| 735|  413|    349|  512| 683|     471| 414| 436| 319| 321|  383|  621| 413|       462| 396|   445|  374| 409|  593|  376| 364| 342| 361|     321| 467|      307| 377|   373|  270| 233| 404| 181|  295| 371|184|     223| 167| 361| 222| 203|   246| 323| 300|      206|   247|  218| 299|177| 365|    282| 416|      294|320|    208| 201|267|159|
|      by| 4704|   4708| 3140| 3219| 2820| 2718| 2386| 1558| 1596|1362|    1371|1180|1043|5304|   989| 462| 829| 723| 719|   510| 677| 587| 996| 776| 500| 786| 702| 562| 627| 520| 455| 584| 592| 364| 512| 363| 369|    657|  314| 636|    828| 460| 314| 317|  303|    195|  303| 523|     290| 352| 368| 308| 508|  378|  348| 342|       345| 350|   235|  306| 408|  266|  331| 184| 176| 311|     237| 122|      162| 230|   313|  210| 567| 346| 446|  380| 196|355|     368| 440| 123| 435| 402|   248| 201| 115|      405|   167|  252| 251|449| 163|    200| 169|      191|119|    116| 344|111|321|
|  growth| 4476|   4253| 3127| 3443| 2952| 2557| 2470| 1609| 1486|1612|    2347|1292|1084| 989|  5089| 534| 817| 981| 755|   836| 713| 732|1137| 760| 496| 893| 846| 516| 573| 394| 695| 491| 665| 506| 495| 485| 356|    886|  329| 581|    749| 523| 326| 322|  478|    433|  420| 432|     212| 443| 442| 209| 656|  513|  262| 332|       321| 582|   213|  321| 393|  179|  441| 137| 211| 358|     223| 136|      132| 302|   224|  123| 549| 262| 370|  255| 141|410|     400| 467| 140| 410| 392|   199| 138| 124|      263|    97|  211| 213|349| 148|    240| 147|      212| 99|    177| 277| 84|393|
|    quot| 2814|   2802| 1888| 1688| 1771| 1735| 1521| 1253| 1210| 973|     894| 674| 909| 462|   534|3111| 555| 516| 481|   442| 507| 270| 311| 389| 458| 984| 364| 410| 516| 307| 340| 374| 360| 294| 288| 238| 327|    102|  252| 196|    191| 215| 347| 315|  202|    159|  257| 284|     240| 213| 205| 158| 115|  118|  213| 186|       187| 139|   168|  161| 142|  264|  133| 132| 114| 103|     138| 316|      167| 108|   146|  123|  66| 131| 104|  162| 129| 87|     119|  63| 267| 109|  81|   133| 141| 128|      108|   197|  108| 159| 75| 190|    112| 129|      121|159|    111|  99|180| 72|
|     has| 4727|   4467| 3159| 2809| 2935| 2700| 2343| 1402| 1445|1557|    1593|1052|1448| 829|   817| 555|5301| 622| 765|   588| 491| 509| 595| 601| 469| 698| 814| 728| 506| 477| 595| 592| 505| 346| 476| 324| 425|    185|  395| 403|    244| 321| 400| 408|  311|    243|  374| 244|     344| 309| 343| 338| 214|  230|  225| 446|       398| 212|   267|  237| 287|  188|  392| 259| 163| 176|     168| 176|      275| 178|   237|  265| 107|1043| 121|  386| 252|121|     109|  87| 233| 166| 139|   251| 246| 231|      153|   191|  192| 227|152| 167|    189| 190|      211|250|    181| 128|172|103|
|      at| 4470|   4313| 2645| 2998| 2855| 2791| 2224| 1497| 1491|1278|    1338|1010|1034| 723|   981| 516| 622|4936| 606|   575| 592| 718| 791| 606| 500| 713| 693| 527| 488| 430| 527| 620| 576| 589| 431| 533| 371|    650|  422| 570|    590| 451| 334| 347|  352|    308|  359| 413|     214| 329| 309| 201| 405|  440|  230| 283|       266| 635|   228|  218| 355|  187|  333| 241| 217| 311|     234| 218|      175| 233|   192|  209| 553| 216| 327|  225| 193|309|     292| 327| 208| 318| 323|   191| 173| 204|      220|    93|  151| 151|219| 146|    276| 160|      201|185|    142| 271|129|237|
|    with| 4066|   3991| 2724| 2557| 2541| 2455| 2254| 1468| 1496|1312|    1294| 978| 925| 719|   755| 481| 765| 606|4683|   522| 542| 540| 636| 603| 571| 566| 637| 489| 508| 476| 448| 592| 476| 391| 403| 352| 389|    310|  330| 343|    375| 299| 276| 321|  289|    216|  320| 355|     293| 244| 379| 235| 293|  289|  224| 297|       273| 227|   217|  221| 260|  192|  211| 221| 171| 260|     221| 177|      206| 187|   163|  207| 204| 225| 159|  218| 188|153|     180| 200| 175| 200| 190|   212| 191| 166|      175|   157|  164| 132|194| 134|    193| 169|      182|181|    125| 119|142|130|
|  global| 3487|   3316| 2169| 2126| 2065| 2012| 1982| 1276| 1222|1198|    1210| 906| 902| 510|   836| 442| 588| 575| 522|  3821| 519| 505| 423| 564| 478| 561| 432| 447| 451| 293| 382| 311| 406| 406| 331| 370| 337|    139|  438| 218|    190| 282| 278| 282|  422|    253|  711| 233|     149| 285| 220| 300| 197|  151|  298| 326|       111| 181|   290|  199| 180|  171|  187| 226|  76| 181|     145| 127|       93| 165|   130|  103|  91| 172|  82|  168| 158| 98|     109|  62| 113| 106| 105|   259| 153| 144|      149|   217|   97| 134| 92| 143|    164| 126|      463| 64|    175| 102| 64| 94|
+--------+-----+-------+-----+-----+-----+-----+-----+-----+-----+----+--------+----+----+----+------+----+----+----+----+------+----+----+----+----+----+----+----+----+----+----+----+----+----+----+----+----+----+-------+-----+----+-------+----+----+----+-----+-------+-----+----+--------+----+----+----+----+-----+-----+----+----------+----+------+-----+----+-----+-----+----+----+----+--------+----+---------+----+------+-----+----+----+----+-----+----+---+--------+----+----+----+----+------+----+----+---------+------+-----+----+---+----+-------+----+---------+---+-------+----+---+---+
only showing top 20 rows

18/04/13 16:34:02 INFO org.spark_project.jetty.server.AbstractConnector: Stopped Spark@4e44283c{HTTP/1.1,[http/1.1]}{0.0.0.0:4040}
